(150, 5)
0.4164191322854012 -0.3665140452167275
0.9269012279220037
[1.         1.         0.91666667 1.         1.         1.
 0.91666667 0.91666667 0.91666667 1.        ]
LR: 0.966667 (0.040825)
[1.         1.         1.         0.91666667 1.         1.
 0.91666667 1.         0.91666667 1.        ]
LDA: 0.975000 (0.038188)
[1.         1.         1.         1.         1.         1.
 0.91666667 1.         1.         0.91666667]
KNN: 0.983333 (0.033333)
[0.91666667 1.         1.         1.         1.         1.
 0.91666667 1.         0.91666667 1.        ]

CART: 0.975000 (0.038188)
[1.         1.         1.         0.91666667 1.         1.
 1.         1.         0.83333333 1.        ]
NB: 0.975000 (0.053359)
[1.         1.         1.         1.         1.         1.
 0.91666667 1.         1.         1.        ]
SVM: 0.991667 (0.025000)
Predicting on unseen data.
0.9
[[ 7  0  0]
 [ 0 11  1]
 [ 0  2  9]]